1 0.3967468197 0.2309089823 0.1859278069 -2496.85095270
2 0.1642370908 0.3014740651 0.0382791482 -2496.86877608
3 0.0176299884 0.3984016749 0.1222112499 -2497.66566860
4 0.0661946551 0.1147058315 0.2755142371 -2496.91527074
5 0.3725935362 0.2962956201 0.1205903894 -2497.26908082
6 0.2401014004 0.3984553854 0.3392488292 -2495.84014688
7 0.4558589430 0.0443165776 0.1348905989 -2497.70471280
8 0.0816881556 0.1641902031 0.4419622192 -2497.58616378
9 0.4588428449 0.0731536668 0.1715918645 -2497.66225745
10 0.4171794832 0.3213110064 0.3716508657 -2497.67441646
11 0.4109658468 0.4383651814 0.2747959914 -2497.50149603
12 0.2712073709 0.3823623410 0.4340431938 -2497.24180222
13 0.3773396503 0.1552818558 0.1575504500 -2497.58402421
14 0.2281312324 0.2894680521 0.4650687508 -2488.66097571
15 0.3950287765 0.4543952653 0.2453878986 -2497.59443327
16 0.2275538054 0.0073532653 0.1850454535 -2497.65684299
17 0.2957339905 0.2954609455 0.0909267346 -2491.77028630
18 0.1237461710 0.0369017363 0.3776634370 -2497.35679072
19 0.2153478101 0.0141688377 0.4942461042 -2497.57707876
20 0.3699338530 0.4443154224 0.4133252851 -2497.61253383
21 0.0883076441 0.3102441796 0.3279576444 -2497.21684657
22 0.2322137405 0.4194766558 0.2599612507 -2497.34733122
23 0.1017277914 0.4602631877 0.2071954486 -2497.66414975
24 0.1997202510 0.4018457940 0.2754348876 -2497.29813047
25 0.4055220232 0.2458515383 0.4968632830 -2496.85976193
26 0.0851468665 0.1530755004 0.3333604726 -2497.44183694
27 0.2923225406 0.3259765859 0.2435061589 -2497.54895343
28 0.0520777673 0.2052041779 0.1590263751 -2497.22560066
29 0.4669345229 0.3485019074 0.1734370077 -2497.19969341
30 0.4178547583 0.3361593330 0.3462399735 -2497.53307850
31 0.0510272978 0.1477729826 0.3795844850 -2497.69979762
32 0.4802900269 0.0682073095 0.1094830349 -2497.54475806
33 0.1033757571 0.4169021548 0.0506662614 -2496.97522463
34 0.2254395438 0.3332229383 0.2803628148 -2497.55389990
35 0.0442492642 0.3330111432 0.0655967667 -2497.48623420
36 0.3379809685 0.0975173547 0.2929719624 -2497.27019116
37 0.4097139735 0.3607057175 0.4582442036 -2497.53184981
38 0.2141143920 0.4112948202 0.2652886585 -2497.34481096
39 0.1676084287 0.1538779933 0.2734850851 -2497.41411503
40 0.2884325274 0.4099906810 0.2575801414 -2497.46277811
41 0.4068518463 0.1762819371 0.1326509244 -2497.59041851
42 0.4799228705 0.4855181824 0.3100785592 -2497.61802726
43 0.0647781335 0.2199443218 0.4687827332 -2497.44647477
44 0.2069147594 0.2081039446 0.4973729001 -2482.41007698
45 0.4576091458 0.4353683003 0.0071474300 -2489.42402493
46 0.0508691106 0.0928151819 0.3301279042 -2497.54589821
47 0.2280124281 0.1488893225 0.3315893299 -2497.31689777
48 0.4766178757 0.0015766436 0.2407984856 -2497.61703677
49 0.3650363422 0.3382660834 0.3304987018 -2497.51471089
50 0.0113027277 0.2094093716 0.1989494136 -2493.38416729
51 0.4212269955 0.0299041364 0.4496744748 -2497.66525753
52 0.4384892533 0.2115400199 0.3357895840 -2497.11974718
53 0.3818882454 0.2498135082 0.2201410456 -2496.00807073
54 0.3426421467 0.0748970721 0.2448395566 -2497.57506814
55 0.0093531666 0.3039522704 0.3749704223 -2497.65638805
56 0.0628489608 0.4726741977 0.4923102495 -2497.53473804
57 0.2325403786 0.2363432151 0.0270370009 -2495.66551738
58 0.1059835720 0.2497080474 0.1320309086 -2497.44302504
59 0.2275113262 0.4867663363 0.3414908768 -2476.79227354
60 0.2586752031 0.0514674657 0.4113227673 -2497.22841847
61 0.1028405178 0.2080942072 0.4737588265 -2496.98515415
62 0.0328877480 0.0305604135 0.3959509289 -2497.64758812
63 0.4702015950 0.4948507881 0.0789339987 -2496.46714201
64 0.0528317467 0.2222478057 0.2670693099 -2485.25434821
65 0.3421077837 0.0310756117 0.4301854083 -2497.60505834
66 0.3056756989 0.1571353416 0.3748437858 -2497.55478472
67 0.3121518336 0.1269554467 0.4041731926 -2497.51012946
68 0.1974462212 0.0660858707 0.4222123340 -2497.49815799
69 0.3943534978 0.0964788114 0.4876670257 -2497.52466573
70 0.2081586936 0.3277131581 0.1142030971 -2495.87445325
71 0.4425024673 0.4428687346 0.4700780923 -2497.65466468
72 0.0069496792 0.0660985733 0.1085137562 -2497.52441495
73 0.0491340558 0.3291232998 0.0807052506 -2497.56682359
74 0.2375862915 0.1098725897 0.1711822292 -2497.64078071
75 0.2857457218 0.0627125430 0.3690024631 -2495.32019542
76 0.4492958022 0.2187417086 0.4334396361 -2497.67084314
77 0.1751354175 0.3437301617 0.0269896532 -2497.35315397
78 0.1999176061 0.4066283963 0.1830214882 -2497.66321944
79 0.1160980310 0.3711385866 0.4703220251 -2497.38091539
80 0.1954344172 0.1978596515 0.4516897063 -2494.99422548
81 0.0521143386 0.3380010156 0.3142578055 -2496.80756685
82 0.4259507934 0.3980948739 0.2084492654 -2497.32441148
83 0.3346587874 0.4496335289 0.3685790975 -2496.50046574
84 0.0712561591 0.3819807608 0.0542896830 -2497.11249330
85 0.4148594122 0.4628246203 0.0453038604 -2495.58290788
86 0.0504505871 0.4382446657 0.3823394675 -2497.66300183
87 0.3666940240 0.3669164049 0.1142625038 -2497.55317118
88 0.1143135467 0.3210684689 0.3688918153 -2497.66975152
89 0.1685466148 0.3878000351 0.2197775333 -2497.58055842
90 0.3241621328 0.3688815728 0.0326852025 -2497.41999558
91 0.2036117458 0.3264219641 0.1654721686 -2497.49184798
92 0.2864448021 0.1139742335 0.2336460990 -2497.62338090
93 0.4445598410 0.3062412090 0.4788514000 -2497.50816146
94 0.2500982000 0.3712787531 0.0353484058 -2497.29735509
95 0.1253265532 0.2610057002 0.2840347264 -2496.40588045
96 0.1400272921 0.0006518654 0.3358727428 -2496.25597713
97 0.0237153940 0.0996275131 0.4020174380 -2497.70063877
98 0.3123984663 0.4083958979 0.2980938730 -2496.85752261
99 0.4800188022 0.4373114574 0.1824348856 -2497.64012727
100 0.0277330503 0.3305658921 0.2973209440 -2495.35434814
1 0.1800637205 0.1920943147 0.4541720878 -2495.57560170
2 0.3170494572 0.1552483604 0.3998722316 -2497.52556657
3 0.1900497024 0.1118560800 0.2905097660 -2497.25642066
4 0.1955139690 0.3947613148 0.2441582045 -2497.58384355
5 0.2930741273 0.0859807189 0.1411171864 -2497.62655240
6 0.1708670276 0.1066061269 0.1910311417 -2497.64117703
7 0.0700030057 0.3425240183 0.1763684141 -2497.24722917
8 0.2802169763 0.3364140305 0.0527400481 -2496.05049312
9 0.1703964632 0.2756316173 0.4392238090 -2496.29935702
10 0.2617353241 0.0461757405 0.4112429421 -2497.20445165
11 0.0984413699 0.1056226052 0.2845403650 -2497.31638248
12 0.1398247955 0.1042923675 0.1664628926 -2497.66680763
13 0.2440975067 0.2007703380 0.1365734820 -2495.93959181
14 0.4191543344 0.2520511837 0.1083184983 -2497.52107676
15 0.4954165803 0.4602981118 0.2516212655 -2497.50737455
16 0.3245429344 0.2926838896 0.4117343613 -2497.28828028
17 0.1014775705 0.2278601941 0.2631801515 -2494.35342088
18 0.4862569366 0.2395299479 0.3300586245 -2496.45491525
19 0.4340038034 0.3666038379 0.2680141857 -2496.36410545
20 0.1872879824 0.0866597658 0.0873174500 -2497.52876509
21 0.2578401441 0.1242235061 0.0195795902 -2497.50514160
22 0.4828093336 0.0954277220 0.1801522982 -2497.51336715
23 0.4583633567 0.4974850104 0.3034878071 -2497.61492935
24 0.1094443572 0.3764597663 0.2035115007 -2497.37593601
25 0.2931982540 0.3234578218 0.3014045348 -2497.53227671
26 0.2540572457 0.2103055451 0.3845703315 -2497.50229648
27 0.3132886602 0.0998760218 0.3903958027 -2497.36784364
28 0.1510680788 0.2698960962 0.1072419699 -2496.19892700
29 0.0776222978 0.1820313727 0.0337433781 -2497.46236344
30 0.4884397141 0.1193911974 0.1348118005 -2497.67207392
31 0.0805203359 0.2135076845 0.3878227657 -2497.70469750
32 0.2668436092 0.3803132339 0.0678396133 -2497.06139942
33 0.0852669469 0.4217462439 0.3994395115 -2497.67187861
34 0.2247518682 0.3048650720 0.3577873472 -2497.60349446
35 0.2118273161 0.2329496082 0.4809243039 -2478.19688640
36 0.4207905675 0.3199509125 0.0894581072 -2497.55948661
37 0.3742982278 0.2447795117 0.1857300520 -2497.13244417
38 0.0120960501 0.1532097957 0.2121570880 -2495.35856577
39 0.0303021580 0.1730858625 0.2518564519 -2490.57673192
40 0.1905370242 0.3407788471 0.0228666783 -2497.32766655
41 0.1879068938 0.0036305959 0.4078319646 -2497.22054288
42 0.1194799792 0.3182572225 0.3421804376 -2497.54696452
43 0.0676564331 0.3029992656 0.3646586672 -2497.61665461
44 0.4501506134 0.2436495966 0.3907589910 -2497.71640919
45 0.0836440843 0.4597303354 0.3378727782 -2497.51387023
46 0.0044699513 0.0121529958 0.0512873529 -2491.83147624
47 0.3878874568 0.4395773862 0.2086760834 -2497.62911751
48 0.2702810586 0.4500208697 0.1981672330 -2497.66461182
49 0.4053837758 0.4876473095 0.4947655706 -2497.57203075
50 0.4152448793 0.4746285485 0.0894191216 -2497.31352418
51 0.4961918699 0.1118286069 0.1259621711 -2497.67407913
52 0.0246884035 0.0163225000 0.3984158874 -2497.64075716
53 0.4364487681 0.3577436273 0.0694214070 -2497.43517187
54 0.0288699389 0.2972816535 0.4793779635 -2497.60511911
55 0.2227715855 0.3382606515 0.3769257897 -2497.52476274
56 0.3857286435 0.0836572999 0.2875757106 -2497.43932943
57 0.4938027284 0.4241626994 0.2247265397 -2497.28598377
58 0.3509113924 0.4765086950 0.4581393435 -2497.63699904
59 0.3765717425 0.3617059012 0.1405097918 -2497.63233905
60 0.2036754466 0.1796937330 0.1851802858 -2497.58078142
61 0.2140642953 0.1842787859 0.1130994032 -2494.98569852
62 0.3066910717 0.4969426677 0.4449886720 -2497.60900370
63 0.1553282938 0.3616119500 0.4024028135 -2497.59288632
64 0.0112971381 0.4841910920 0.3530341842 -2497.63606043
65 0.3774393366 0.1079751198 0.4261134858 -2497.62136938
66 0.3818788828 0.2746077837 0.1887647370 -2497.01357722
67 0.2430707348 0.1973017671 0.2542326981 -2497.59086184
68 0.3676022318 0.2397571172 0.3842079193 -2497.65716799
69 0.3116298314 0.2453653217 0.0366497582 -2495.79051662
70 0.0812530365 0.3324739436 0.4488615291 -2497.54888875
71 0.2752244313 0.2371468223 0.1538471141 -2496.81165099
72 0.4189433496 0.4728483429 0.3992705107 -2497.63589298
73 0.1804191114 0.2411983063 0.1934525829 -2497.46524635
74 0.2145890876 0.0339421612 0.3939219394 -2496.48224710
75 0.0570906751 0.4891892809 0.0713521651 -2496.33738518
76 0.4191945190 0.2751547286 0.4450633649 -2497.48571033
77 0.4038064248 0.4347239779 0.2111707871 -2497.58750623
78 0.4398834372 0.3608266546 0.1302912406 -2497.66403458
79 0.3919495558 0.1844922947 0.1424757076 -2497.54433808
80 0.1317862807 0.3796622593 0.2984448648 -2497.39852540
81 0.3732089424 0.1098152533 0.0112457047 -2497.13694853
82 0.2771536794 0.4708480760 0.4025991644 -2496.84313091
83 0.2444440838 0.0974278886 0.4710512451 -2496.98533167
84 0.0882918560 0.4822216401 0.3924501186 -2497.60703518
85 0.3272035200 0.4880623818 0.3337563193 -2493.67614752
86 0.4806287639 0.1048130773 0.1756220076 -2497.50187735
87 0.4203470643 0.4304383407 0.4834601102 -2497.61627819
88 0.0444797986 0.1773940021 0.1967392009 -2495.87001145
89 0.0629662723 0.0126356680 0.1232697986 -2497.65197911
90 0.1763434075 0.4595651203 0.0107718374 -2497.28518197
91 0.2046433512 0.0433365024 0.2414233303 -2497.53352805
92 0.4847933287 0.4434435477 0.1498279996 -2497.72351089
93 0.3791040349 0.2447377849 0.4606354263 -2496.68105024
94 0.2698971548 0.2247259406 0.1530218651 -2496.79859604
95 0.0462720718 0.1369476314 0.0220628882 -2496.73833978
96 0.2209412242 0.1121695447 0.2274054988 -2497.63867365
97 0.2185980474 0.1130402706 0.4781237569 -2496.63007058
98 0.4462790545 0.3464396942 0.3569209074 -2497.59851543
99 0.0339290470 0.4598453640 0.4931023211 -2497.49098733
100 0.2362698424 0.3458585892 0.1806287129 -2497.61186296
1 0.3308432588 0.4208157998 0.4147681912 -2497.54321238
2 0.0525330037 0.0634269725 0.4644578927 -2497.66457415
3 0.0255432711 0.1574155131 0.0193707515 -2497.02108883
4 0.4197282456 0.4505628696 0.1658250781 -2497.71895190
5 0.1085966722 0.0903121730 0.0716571490 -2497.37784714
6 0.4103885337 0.1934713886 0.3282810703 -2497.21467297
7 0.2770943218 0.1054338541 0.3791881087 -2497.05746474
8 0.1861485283 0.2608342785 0.3219718855 -2497.55716784
9 0.1390136852 0.0737585816 0.3900184092 -2497.49578005
10 0.4491479042 0.1604134906 0.1353457201 -2497.61996103
11 0.0554502043 0.4254135712 0.2347811254 -2497.34661970
12 0.4936016597 0.0996560665 0.4182353676 -2497.70069278
13 0.2808137649 0.4792495365 0.4603434429 -2497.59250688
14 0.1282075404 0.3630323867 0.1891011586 -2497.49708862
15 0.0002091875 0.1229520526 0.3803101875 -2497.69565685
16 0.0684409296 0.1774611840 0.2154454151 -2495.27770129
17 0.0518513506 0.4218769155 0.2043306354 -2497.47390358
18 0.4444429774 0.2055257180 0.4473486681 -2497.61133235
19 0.0768669590 0.0371540296 0.0954459243 -2497.40243284
20 0.3933367456 0.3473756872 0.1059129746 -2497.56006736
21 0.4933096479 0.0870991393 0.3948297945 -2497.68848308
22 0.2360126114 0.3347289291 0.0697879137 -2494.86068114
23 0.2310008349 0.3516534239 0.4126195840 -2497.32441120
24 0.4393710825 0.2801599983 0.0016043068 -2497.56202913
25 0.2917633271 0.2103671025 0.1698147592 -2497.41934818
26 0.4426737114 0.2549741497 0.4670101352 -2497.49004618
27 0.1620620747 0.4617185581 0.1211564289 -2497.67155112
28 0.1757835713 0.3365681642 0.4238520128 -2497.26175228
29 0.4289186816 0.0702230652 0.1708992131 -2497.68249401
30 0.4413644278 0.4077720251 0.0521346836 -2496.52110476
31 0.4959308136 0.3803241843 0.0506216541 -2496.70981233
32 0.0313574245 0.4512744977 0.3354887086 -2497.61808571
33 0.0740406782 0.3774884785 0.4958247018 -2497.54363768
34 0.1345060718 0.2629534070 0.2652334460 -2496.35675543
35 0.0682488531 0.3682508116 0.1386583742 -2497.66257451
36 0.2754123777 0.3679619889 0.4077537975 -2497.42157324
37 0.1236590386 0.3571323543 0.3358753597 -2497.53332445
38 0.2230468331 0.3430890025 0.4845030726 -2493.73402521
39 0.0043775356 0.1482394570 0.0385453395 -2497.02017443
40 0.1184543428 0.1360231890 0.0474281029 -2497.38822186
41 0.1568686037 0.3499102526 0.3218412904 -2497.47883567
42 0.4696777478 0.0839173803 0.2359999004 -2497.15104169
43 0.3994842164 0.0655478720 0.0978107406 -2497.54938335
44 0.0478743364 0.0717913472 0.1000372555 -2497.47112912
45 0.4175174712 0.3434263519 0.3509734681 -2497.58254247
46 0.2345716879 0.1179772665 0.2557386660 -2497.55349692
47 0.2913450718 0.1539685504 0.0284944038 -2497.19862112
48 0.1478453298 0.4807069536 0.0971611616 -2497.60066898
49 0.2762630198 0.1462428984 0.2449414699 -2497.60491753
50 0.0075565265 0.0305621095 0.0929897552 -2497.10628382
51 0.0291682409 0.4090017335 0.4797173664 -2497.65032850
52 0.3708443399 0.3373445867 0.1745654033 -2497.50370656
53 0.0939283465 0.0230324665 0.1379154818 -2497.71573309
54 0.1738815161 0.3499535734 0.1839086462 -2497.59455290
55 0.3381502600 0.4376878364 0.1658128975 -2497.68911650
56 0.2261825537 0.0201432068 0.3915774439 -2495.98874091
57 0.3559093428 0.2078607425 0.0639654211 -2496.61079002
58 0.1472274155 0.1200089673 0.3293422785 -2497.38913305
59 0.3056692545 0.1659926873 0.2630772160 -2497.50536826
60 0.0197139574 0.4717661794 0.1350064709 -2497.70007668
61 0.2334673739 0.0777275731 0.1875145228 -2497.66263698
62 0.0863523867 0.3544128827 0.0049710244 -2497.14423922
63 0.2192019639 0.2262791861 0.4504183017 -2492.83877981
64 0.3493129254 0.1415168070 0.0420555336 -2497.38143051
65 0.0822510751 0.1780104143 0.4274485072 -2497.63356503
66 0.2560074827 0.1728878949 0.0223304447 -2496.99207376
67 0.4188906349 0.4303329509 0.2374077166 -2497.45939640
68 0.2690713338 0.0133435462 0.3291077503 -2471.19388972
69 0.2628284668 0.4581744519 0.1125388839 -2497.62957828
70 0.0722593700 0.4865114383 0.0841046686 -2497.08397829
71 0.2184369265 0.3792118014 0.1673931980 -2497.62528267
72 0.2803812602 0.2559797074 0.3938006899 -2497.39003448
73 0.4569082775 0.0021728621 0.2151822511 -2497.66493532
74 0.3586862682 0.4296678440 0.3643905025 -2497.18412028
75 0.4218524664 0.0697553998 0.3152241134 -2497.52521758
76 0.0290214016 0.2672846955 0.2510017982 -2455.82454231
77 0.4997506516 0.0906096545 0.2723778141 -2497.02689497
78 0.0491530055 0.4073385475 0.3984912797 -2497.69472393
79 0.4657663354 0.3168186095 0.2083903432 -2494.16302191
80 0.1641166061 0.4627035004 0.1599022491 -2497.69071833
81 0.4401910926 0.3890893722 0.2823959608 -2497.00539051
82 0.0670076313 0.0582169961 0.1835604295 -2497.66700587
83 0.4577193727 0.2192564762 0.0478413766 -2497.56804758
84 0.0599340656 0.3273388595 0.2133731912 -2495.30051607
85 0.2678993933 0.2710761548 0.2037385554 -2497.59296148
86 0.2719897859 0.2617719225 0.2406354075 -2497.55511160
87 0.3403615143 0.1770552606 0.1048047693 -2496.73026453
88 0.2353829897 0.3353613828 0.0978622673 -2494.93529895
89 0.2285723001 0.4917128985 0.0342512702 -2497.58661330
90 0.4894919017 0.0357848263 0.2228121566 -2497.57829142
91 0.3430386702 0.2626689535 0.1965741548 -2497.30652571
92 0.1753444897 0.4240171264 0.3772580584 -2496.98236288
93 0.4022364964 0.2498245619 0.4135675770 -2497.61758425
94 0.1463696297 0.3855292964 0.2225518853 -2497.50088732
95 0.3300443686 0.1802029550 0.4576923986 -2496.04515826
96 0.4727253604 0.0757722543 0.2533304393 -2497.21782678
97 0.4722585675 0.1907166440 0.4497577493 -2497.67796876
98 0.4768927831 0.3461714841 0.3067277609 -2496.44511384
99 0.4109372245 0.2687530702 0.4073546382 -2497.67036307
100 0.0292147845 0.4458489860 0.4459290351 -2497.67384969
1 0.1766026682 0.1200319350 0.6140031220 -2497.65514314
2 0.2868056698 0.1984906395 0.7153760452 -2497.54893282
3 0.1343142168 0.2215091226 0.6463142748 -2497.71956565
4 0.0949518758 0.3978126414 0.8523650072 -2497.55905647
5 0.4586360269 0.1864045218 0.8837495251 -2496.48551146
6 0.4883754830 0.2358345549 0.5451355786 -2497.60903400
7 0.3034226931 0.0729095772 0.5126694216 -2497.33166178
8 0.0547874997 0.3487004008 0.8909125389 -2497.32187962
9 0.4453845209 0.0697029768 0.7624696437 -2497.48753857
10 0.4035547197 0.4673529655 0.8209757277 -2497.45523376
11 0.1754140754 0.0343336153 0.7031198966 -2495.20939226
12 0.1476238898 0.2883441306 0.7758183171 -2497.54104530
13 0.4680653922 0.3444742077 0.9862925555 -2496.97655311
14 0.1689713755 0.0082627665 0.8948875992 -2497.70410604
15 0.3114478137 0.1203840333 0.7339883105 -2496.39129893
16 0.1718475247 0.4477494117 0.7393844388 -2493.08638062
17 0.3506797648 0.3573116966 0.8635784158 -2497.62211821
18 0.1212651786 0.3130128174 0.5276383937 -2496.78112483
19 0.2034384165 0.4470488576 0.6859424642 -2496.16117959
20 0.1725486610 0.2161292256 0.7471435376 -2497.59631349
21 0.1749395317 0.4293326932 0.6008235843 -2497.59431812
22 0.2418999642 0.1999711260 0.8550673317 -2497.64229589
23 0.3654369206 0.2576997814 0.5838980680 -2497.38056200
24 0.4382296765 0.2179177765 0.8662378643 -2494.89426522
25 0.0262475648 0.1440877695 0.5461049694 -2497.43068057
26 0.1065587973 0.3989770047 0.8051859905 -2497.41116765
27 0.3076346638 0.4833098225 0.9200868558 -2497.69468203
28 0.1757539996 0.2561533432 0.9814071000 -2497.61736700
29 0.0187773328 0.2418924404 0.9485691495 -2497.59312725
30 0.4781025048 0.3440553724 0.5387509174 -2497.53017906
31 0.2904735102 0.0099551731 0.9805539644 -2497.53757306
32 0.3618831880 0.2660330884 0.7160769102 -2497.68191073
33 0.3106712522 0.2396886099 0.5900505128 -2497.16697297
34 0.2022325831 0.1961504067 0.7900162116 -2497.51520880
35 0.1290935477 0.1910527909 0.6238513804 -2497.68678226
36 0.2252914904 0.4564779318 0.6492158839 -2497.34660604
37 0.2165239636 0.0640212345 0.5299343742 -2497.40694278
38 0.0966361066 0.2152772567 0.8138776601 -2496.17117183
39 0.1609457489 0.3681163832 0.7517642563 -2496.96721667
40 0.0957863100 0.0874214396 0.7259584508 -2497.30831800
41 0.0155426136 0.0730492940 0.6660694315 -2497.44718878
42 0.0046945935 0.4644890908 0.6818402064 -2497.52516719
43 0.0080461500 0.3766176831 0.6020957982 -2496.89529606
44 0.4197575457 0.2869701246 0.9172852074 -2497.50893262
45 0.0539934122 0.1168834842 0.8305722557 -2497.22282147
46 0.0545104942 0.1547639227 0.5113585494 -2497.53842942
47 0.2170237002 0.2085170347 0.6210378005 -2497.62824845
48 0.3976603725 0.4005361435 0.5646161847 -2497.24561956
49 0.0475068357 0.2552446583 0.8381250627 -2487.38432410
50 0.3062560252 0.0425328489 0.6076067344 -2497.61163108
51 0.2668651016 0.1626341088 0.8293579917 -2497.54049490
52 0.0633454940 0.2745762616 0.6897001921 -2497.67742180
53 0.1546236388 0.1793425696 0.5000436141 -2495.41357479
54 0.0924106783 0.0641247595 0.5107817259 -2497.47828499
55 0.1267738589 0.1453919002 0.9984896158 -2497.40409474
56 0.1739021419 0.0215360136 0.7815792939 -2493.03765379
57 0.0943523067 0.2091831196 0.9498350954 -2497.61861575
58 0.2360865040 0.0034014132 0.7728964852 -2466.86797618
59 0.2916177696 0.2845469317 0.8817045441 -2497.64576136
60 0.2776981154 0.2492104466 0.7244090183 -2497.64294839
61 0.0110605617 0.0825191841 0.6598968557 -2497.40090487
62 0.0566699485 0.2264196970 0.8390831540 -2491.05569183
63 0.3552921695 0.3562687260 0.9772612034 -2497.51439000
64 0.3192314234 0.0557722383 0.8955046584 -2497.71751236
65 0.4215986687 0.4304489864 0.7521644350 -2497.32647700
66 0.4678242394 0.3102570777 0.7890583653 -2495.85359506
67 0.0033803692 0.2002908968 0.9158555718 -2497.31536929
68 0.0823235654 0.1783139247 0.6481527882 -2497.68226350
69 0.2585723901 0.2595583226 0.5629212168 -2494.60385309
70 0.1194133471 0.1094114046 0.9944307460 -2497.03294549
71 0.2848604412 0.3176627097 0.8430459239 -2497.62101808
72 0.4951876800 0.3562907817 0.5472177226 -2497.40844440
73 0.2274903692 0.4791554301 0.5772002299 -2497.61123737
74 0.2021768348 0.4521435303 0.7179985638 -2491.65827468
75 0.4142055765 0.1515564344 0.7111761474 -2497.61393761
76 0.3093894228 0.2651723850 0.6022497167 -2497.42510077
77 0.3416829838 0.4281185236 0.5940217126 -2497.52798364
78 0.1337066737 0.3100672830 0.8830924095 -2497.52648462
79 0.2621137920 0.4333375122 0.7313943987 -2488.53116689
80 0.0240529433 0.2746419636 0.8621283165 -2490.61610258
81 0.4152961201 0.4112564592 0.6000869469 -2496.85813219
82 0.2301365702 0.2872655436 0.5470171029 -2492.23281350
83 0.2505256173 0.3615528188 0.9076698198 -2497.70984075
84 0.1596904769 0.4770931541 0.7057030442 -2495.56625045
85 0.0961811061 0.4025835156 0.6620757829 -2497.58867265
86 0.2217180977 0.0527396658 0.8435385667 -2497.24613932
87 0.4904424979 0.2259790286 0.9675601329 -2497.57406682
88 0.4767081857 0.4878773087 0.8162295393 -2497.59835406
89 0.1003745120 0.1140795920 0.9228072116 -2497.51409865
90 0.0447660030 0.3277755939 0.6075690792 -2497.57647269
91 0.1715241487 0.3274388772 0.5045349521 -2494.77800218
92 0.3823683933 0.3295308666 0.6369735052 -2497.69696838
93 0.3937592174 0.1018146281 0.6957135127 -2497.47727510
94 0.1228185107 0.1937003765 0.8384326379 -2497.08497634
95 0.0143724753 0.2741141821 0.9859590626 -2497.55427789
96 0.4533013778 0.2916162393 0.5125414257 -2497.49823006
97 0.3433576769 0.1497215357 0.9340704025 -2497.65409501
98 0.1246853060 0.2124455239 0.7766633947 -2497.45297713
99 0.0853212656 0.3477689937 0.7197513575 -2497.60223552
100 0.0198625956 0.1033751075 0.5476874833 -2496.74262156
1 0.3662537411 0.4482038575 0.6678760619 -2497.39982764
2 0.1917944241 0.3575972884 0.6677021196 -2497.59011906
3 0.0619481544 0.1340769178 0.5684117079 -2497.31208949
4 0.3343113853 0.2391041273 0.9163695747 -2497.64941197
5 0.2491162498 0.2518842214 0.8220570478 -2497.62895875
6 0.2749923479 0.1436308950 0.7915855140 -2497.02358874
7 0.3916201589 0.4834838963 0.5859773914 -2496.22760551
8 0.3354680979 0.4787576028 0.7852541032 -2494.40591625
9 0.0089464970 0.2474395224 0.9945934193 -2497.57755693
10 0.0234859173 0.4463166745 0.9285728447 -2496.37842111
11 0.1212931006 0.2669329287 0.9328915570 -2497.64374499
12 0.2009993160 0.0728219611 0.9557285404 -2497.62601039
13 0.0021851126 0.1069041562 0.6639744717 -2497.54938330
14 0.4955213980 0.4586094447 0.6042638912 -2489.32502990
15 0.4614191258 0.3227944353 0.6067484389 -2497.58492515
16 0.3589109639 0.4252262783 0.6998109916 -2496.97812042
17 0.3890633949 0.3289271031 0.6200705443 -2497.66829649
18 0.4480340883 0.3776537174 0.6155261083 -2497.24672531
19 0.1472980231 0.3747964909 0.7123801138 -2497.24565283
20 0.0438746655 0.2368175290 0.9670922314 -2497.60365989
21 0.3485502855 0.0423570328 0.7138221740 -2495.77839148
22 0.2302217257 0.0084881546 0.9345753328 -2497.71318258
23 0.2311251282 0.2648751903 0.8095459010 -2497.61747034
24 0.0383511269 0.0955902283 0.6740981026 -2497.59103761
25 0.2772011755 0.1288970658 0.7284101231 -2496.34547119
26 0.2416055484 0.2737303478 0.8461049107 -2497.63513128
27 0.1668224512 0.0465942509 0.7350822640 -2493.50961524
28 0.3066943932 0.2691507896 0.5859508558 -2497.03299718
29 0.4882365460 0.4159876891 0.9955347846 -2491.15812669
30 0.2894732940 0.4491049469 0.9821190172 -2497.56850762
31 0.2056530606 0.3641321698 0.7492801653 -2496.53410767
32 0.4689688429 0.4319017990 0.9162918898 -2497.07896460
33 0.1624393163 0.1893574158 0.5631893452 -2496.84545078
34 0.0007224651 0.2093631987 0.6270509568 -2497.63396498
35 0.2753490702 0.2230725385 0.9198277041 -2497.65175640
36 0.3628714280 0.3817227867 0.9517847086 -2497.48623828
37 0.1114353912 0.4436713153 0.8149995007 -2497.36075415
38 0.4857444721 0.1284159556 0.8693832434 -2497.11340594
39 0.4325159880 0.3981663644 0.8485260755 -2497.47323237
40 0.0203764252 0.2980085422 0.7468943255 -2497.43205332
41 0.2274961079 0.1510508356 0.6447552098 -2497.68512870
42 0.0067195978 0.1031915017 0.5259461104 -2497.24539919
43 0.0586074633 0.2009463163 0.8574244338 -2494.64265803
44 0.1105652226 0.4186682866 0.5577166244 -2497.21297885
45 0.1288196716 0.3888603581 0.9536324915 -2497.39899917
46 0.2664499440 0.4838486529 0.8176488524 -2495.40554103
47 0.1562364185 0.0045874172 0.6815233811 -2496.81558082
48 0.1433689097 0.1437406407 0.8042694176 -2497.41801128
49 0.2006981159 0.2692290576 0.6055316925 -2497.45527003
50 0.1876937764 0.1902101023 0.8267394361 -2497.57692135
51 0.3733278090 0.4974170717 0.5384503917 -2497.29316954
52 0.3763336278 0.3014924306 0.7807654686 -2497.42848235
53 0.2131982513 0.2914975567 0.6273650411 -2497.67061578
54 0.0785562959 0.3929128363 0.6459355622 -2497.53373301
55 0.4355216982 0.0603659044 0.5411003346 -2496.46111101
56 0.0023500254 0.0209845154 0.9656669636 -2483.86325966
57 0.3884978443 0.2494835508 0.6252674028 -2497.68387784
58 0.1528578371 0.1280190629 0.5166371877 -2496.95793336
59 0.1037953374 0.0188033762 0.8313099179 -2497.49568781
60 0.4735130168 0.3681325061 0.8630697163 -2496.99073955
61 0.2238260120 0.4843109474 0.7102893550 -2488.56828470
62 0.2697930330 0.4714735844 0.6175184670 -2497.60626869
63 0.3621385779 0.1764843740 0.5784654073 -2497.41465624
64 0.2952689176 0.2690205912 0.8806501739 -2497.63727663
65 0.2874371488 0.4695937976 0.7163282762 -2488.72656295
66 0.2793532344 0.0114103826 0.5769208622 -2497.61067073
67 0.4377777940 0.2201264371 0.6763494214 -2497.67437567
68 0.0198470726 0.0906828321 0.5743988797 -2495.28596233
69 0.4907308711 0.2441894586 0.6922040442 -2497.65808969
70 0.3607661892 0.2922013582 0.8815390486 -2497.50393231
71 0.3882052297 0.2662500934 0.7944330552 -2497.00798674
72 0.3179345028 0.0865488224 0.7644913708 -2494.96706589
73 0.4729857730 0.2756699041 0.5290679678 -2497.57414016
74 0.1905866090 0.2641418329 0.8267379684 -2497.59117671
75 0.0754271274 0.1527407745 0.6116975467 -2497.56446844
76 0.1451715536 0.3861904758 0.8886701962 -2497.68945959
77 0.1612624077 0.3649988213 0.8347213534 -2497.54008402
78 0.4802668973 0.0606274724 0.5777575085 -2491.53999626
79 0.1008385742 0.4450631721 0.7547078245 -2496.95712680
80 0.1864425804 0.4577546261 0.9126480186 -2497.70570345
81 0.3493814644 0.3652323338 0.8400818178 -2497.55652775
82 0.1172089246 0.2136533479 0.8325814686 -2496.75570589
83 0.4482655163 0.1163840229 0.5017349441 -2497.57521270
84 0.1208627418 0.4756516969 0.6063716118 -2496.94131788
85 0.3899202124 0.2795850065 0.8439354112 -2496.48931898
86 0.0072582086 0.4061525983 0.6707130773 -2497.55908790
87 0.4516224205 0.0219268037 0.5314095738 -2495.94880241
88 0.4986946966 0.3925289860 0.7792484018 -2497.49293948
89 0.1858299291 0.0378156409 0.8409275416 -2497.26066586
90 0.4925631826 0.3889211729 0.8832069767 -2497.42162489
91 0.3458485982 0.3728390307 0.6010266157 -2497.60591004
92 0.3177096606 0.1803332606 0.7960105460 -2497.48428853
93 0.1581982384 0.4919798855 0.7907222619 -2495.18328426
94 0.1688313432 0.2576867327 0.7023241482 -2497.69601148
95 0.2954963479 0.4020924704 0.8364182067 -2497.37469327
96 0.2266968633 0.2353564128 0.6697541810 -2497.73867097
97 0.1148341270 0.0394378092 0.6637809862 -2497.44437049
98 0.0049288719 0.0541067745 0.8570762753 -2497.59893874
99 0.4592749117 0.1089965821 0.6841107897 -2497.63152388
100 0.1002629188 0.1118999273 0.9422137340 -2497.32763074
101 0.4013226968 0.3224975117 0.9602875706 -2497.53851728
102 0.0498559787 0.4112246120 0.9183223836 -2497.24858067
103 0.0444565553 0.3311389172 0.9902746305 -2497.21025796
104 0.0941704209 0.1625079046 0.6282655349 -2497.65985369
105 0.4511518927 0.3155014128 0.9595967265 -2497.46835372
106 0.1926992132 0.3872748644 0.9524999070 -2497.64906347
107 0.3229418815 0.1256334839 0.7572288981 -2496.63754575
108 0.2603490429 0.1843157632 0.6634551287 -2497.69706294
109 0.1148295543 0.0957848104 0.8609520033 -2497.62962881
110 0.0144764851 0.4423005995 0.7734406120 -2497.58160859
111 0.1125948107 0.3708008476 0.7583645652 -2497.36641636
112 0.2107179507 0.2888425247 0.6659934578 -2497.72772538
113 0.1288383749 0.0717628166 0.5679680586 -2497.29475927
114 0.1324639957 0.2384037907 0.5162537738 -2495.55079088
115 0.1028340779 0.0049579085 0.8218765646 -2497.41190651
116 0.3709153465 0.2784419687 0.6498533743 -2497.71876857
117 0.1269043504 0.3063977011 0.9770661743 -2497.60222917
118 0.3881566385 0.2242700691 0.5578522070 -2497.19823490
119 0.1106787357 0.3576108272 0.9375000433 -2497.54298246
120 0.3868958612 0.2150884861 0.5005139808 -2496.47380463
121 0.3974537323 0.3779195549 0.6968838895 -2497.54886070
122 0.3084971801 0.2361018495 0.5229098127 -2487.32664994
123 0.3363571121 0.1671129777 0.5567749261 -2496.89162403
124 0.2512616118 0.3018758283 0.5059017987 -2477.68578276
125 0.2342038273 0.3037967544 0.6552123351 -2497.72431463
126 0.3619244338 0.3788242834 0.5035725570 -2497.16742132
127 0.3340692752 0.3065010380 0.5946486368 -2497.45684475
128 0.3093210117 0.3177955404 0.6471907721 -2497.71873953
129 0.2973476492 0.0524463875 0.5293062334 -2497.48566903
130 0.3330482389 0.4961093107 0.6209419641 -2497.52576265
131 0.2647331838 0.0952776261 0.9452073897 -2497.70401811
132 0.3529543168 0.0933164970 0.7120939285 -2496.87832354
133 0.1924286006 0.0553921230 0.8153271966 -2496.40995716
134 0.1070431134 0.3197941297 0.5799409182 -2497.52216340
135 0.2273525885 0.0178394163 0.9683318667 -2497.62914434
136 0.0603689916 0.4232323776 0.9755477635 -2494.41618964
137 0.1053761476 0.4293994880 0.8714112964 -2497.65892285
138 0.1863122188 0.3342248753 0.5458354896 -2496.14551911
139 0.4024727387 0.2023608629 0.7985696779 -2496.80185803
140 0.0757038988 0.2680070188 0.9182884717 -2497.48599808
141 0.4315635036 0.1939381677 0.6487084536 -2497.67557481
142 0.2313635039 0.2822699438 0.9288354644 -2497.65766265
143 0.2144729614 0.1982932252 0.8901225696 -2497.66029550
144 0.4147308110 0.3456148576 0.7363902033 -2497.57710887
145 0.2575515884 0.2538950879 0.9986908808 -2497.28928044
146 0.2989850092 0.3141985418 0.6406391336 -2497.71577251
147 0.1060058756 0.4722883983 0.9672798909 -2495.72735023
148 0.4054059208 0.1656099748 0.7667215172 -2497.46650859
149 0.0904052453 0.3607512615 0.9516771909 -2497.36484869
150 0.0779897305 0.2349453128 0.5459851998 -2497.37068494
151 0.4764197636 0.2748278324 0.7473786589 -2497.37016335
152 0.0543530002 0.3973220569 0.8305916547 -2497.38840201
153 0.4918395974 0.2835513967 0.9381797966 -2497.54091562
154 0.0010714217 0.3879976443 0.8864189294 -2497.42670573
155 0.2425381304 0.3211368719 0.5294507499 -2491.58530565
156 0.3638025432 0.4898789672 0.8417756181 -2497.46744110
157 0.3660274124 0.2122564191 0.7310479005 -2497.64097424
158 0.1908480199 0.4072365663 0.5450214272 -2497.32690877
159 0.3066340594 0.4112866328 0.6173775664 -2497.64826513
160 0.3933741762 0.0153752408 0.9097411378 -2497.45780139
161 0.4508364391 0.3544460215 0.7028117391 -2497.65152670
162 0.2470405267 0.0136745317 0.9979907663 -2497.60686436
163 0.3899546167 0.4660767406 0.6737237011 -2497.40493569
164 0.1390532781 0.1392570992 0.7957047188 -2497.37966952
165 0.3657647169 0.2171868082 0.8977458534 -2497.56075391
166 0.2151813190 0.2505176891 0.6127571845 -2497.52696099
167 0.2987326401 0.3291453654 0.5996996046 -2497.48837139
168 0.1897090761 0.4914710622 0.6446436251 -2497.42214159
169 0.0281098225 0.1035394030 0.6235575940 -2496.89487161
170 0.3775707767 0.0635998526 0.5568692578 -2497.23229394
171 0.0921413781 0.1578184402 0.8252674870 -2496.98067762
172 0.4069169152 0.4834181283 0.7057207885 -2497.22402649
173 0.0793035828 0.4989772180 0.7251114068 -2497.21626539
174 0.0461558557 0.1407982368 0.9877597986 -2496.74233243
175 0.0755104123 0.2620158026 0.6363273748 -2497.67619253
176 0.0461040520 0.3158401101 0.9321096191 -2497.51868579
177 0.1877759113 0.3165025679 0.9028215014 -2497.67450004
178 0.3427212946 0.0449783231 0.7324574323 -2494.50576841
179 0.4832843864 0.2278593121 0.9579344445 -2497.58651841
180 0.2571076614 0.2337037205 0.9259369459 -2497.64949261
181 0.2325475410 0.3442143960 0.7403665059 -2496.91192779
182 0.2853046314 0.4750420465 0.9151719114 -2497.73136906
183 0.4869949176 0.3198318052 0.8896897291 -2496.66792423
184 0.2420736034 0.0195393263 0.8220426000 -2495.85222237
185 0.3263056138 0.0544889623 0.5802284067 -2497.54024726
186 0.4391927922 0.4355895786 0.7637592103 -2497.44722432
187 0.2615484458 0.3016225149 0.6434084526 -2497.72080104
188 0.4158182275 0.3609933617 0.7694936208 -2497.46394175
189 0.0696553736 0.3951368954 0.6844566795 -2497.60918150
190 0.1632158757 0.0335957877 0.6534644982 -2497.40703266
191 0.0255506034 0.1512616021 0.6700766696 -2497.64985477
192 0.1902835606 0.2756568582 0.7491408722 -2497.59881593
193 0.0840630874 0.2872154648 0.6921635903 -2497.68469571
194 0.2784074806 0.1887244043 0.5546542426 -2495.19043755
195 0.1709354834 0.0704257617 0.8018301269 -2496.42076337
196 0.2586623596 0.0891798985 0.9200227140 -2497.73154075
197 0.2568331026 0.2748684254 0.8611245476 -2497.63895030
198 0.4217562982 0.1208595200 0.9253711912 -2497.43879392
199 0.0058939581 0.3382061092 0.9549224579 -2497.27316845
200 0.3346969506 0.2638418258 0.7853220275 -2497.57144527
1 0.2597652617 0.1537189965 0.2193067011 -2497.63720609
2 0.0185714756 0.3191039856 0.5488598516 -2497.58122938
3 0.2463277538 0.0776715849 0.5816767857 -2497.56712657
4 0.3030580080 0.4079201370 0.0770577860 -2497.47677335
5 0.3092620290 0.4681870403 0.8976698319 -2497.72209079
6 0.2009216489 0.1723117596 0.0130804413 -2497.36070060
7 0.2384549765 0.0277848478 0.0026603027 -2497.60152137
8 0.0626114341 0.1233755751 0.5700925641 -2497.17149310
9 0.1288894363 0.2845404275 0.8444984143 -2497.07043643
10 0.4820880965 0.0162411933 0.5229702898 -2496.09799801
11 0.2832072391 0.2333663779 0.9984876629 -2497.35457652
12 0.4035711460 0.1623439158 0.1139028364 -2497.59227161
13 0.2658737215 0.4785739967 0.4646832502 -2497.58313843
14 0.0783479436 0.1313931732 0.9186788036 -2497.51430614
15 0.3497481962 0.2385252357 0.0346588612 -2496.97757216
16 0.2314899999 0.3625019150 0.1871221024 -2497.64195377
17 0.4920371321 0.0949793934 0.9816936586 -2493.71846463
18 0.0599515589 0.1512461096 0.0666448948 -2497.44749005
19 0.4955309149 0.4065709362 0.6191502028 -2496.33434528
20 0.1542223534 0.3890990831 0.5669805339 -2497.45217231
21 0.0311396450 0.0753283605 0.4900769638 -2497.58720763
22 0.1499686694 0.3211620804 0.7613179499 -2497.48088650
23 0.4370752192 0.4629627075 0.8491476836 -2497.62848245
24 0.3097080847 0.3599216802 0.0305661087 -2497.36289357
25 0.0380714318 0.0410638218 0.1443531111 -2497.72616505
26 0.4899675275 0.3879393361 0.0135906561 -2495.11998822
27 0.1367491428 0.1318376018 0.4844965959 -2497.10019363
28 0.2612795219 0.0758709979 0.1695372312 -2497.65351235
29 0.3830110141 0.0178434349 0.3865375709 -2497.45975899
30 0.2899320762 0.0100538792 0.1025404684 -2497.63898154
31 0.1875784782 0.3337613279 0.5544340495 -2496.48719117
32 0.1506849234 0.2263974949 0.3234519501 -2497.45383385
33 0.4254851609 0.0186097215 0.6392785770 -2496.76418253
34 0.1086599735 0.4344542762 0.3185944136 -2497.39277038
35 0.4686456589 0.2840290531 0.9780316864 -2497.54220459
36 0.1709401136 0.2260716780 0.0786443857 -2494.24127565
37 0.4599269201 0.0628823779 0.3247442235 -2497.58100217
38 0.0843276612 0.2689171643 0.1543265222 -2497.36678891
39 0.2787472067 0.1520007514 0.9471410147 -2497.68981593
40 0.1484042501 0.4375499815 0.0087459621 -2497.00302480
41 0.1444098490 0.1444049262 0.4166623160 -2497.55067035
42 0.2739974546 0.4373767467 0.3025155675 -2494.52064009
43 0.4838157904 0.3429278819 0.3338077352 -2497.24031962
44 0.2969330911 0.2690236295 0.5783338926 -2496.63256085
45 0.3962394093 0.4137687930 0.2930264196 -2497.43927542
46 0.1062856271 0.1097084489 0.1017604546 -2497.60823756
47 0.1505870800 0.3904963179 0.8432019347 -2497.56683040
48 0.3024249462 0.3054220211 0.1213982696 -2495.72572005
49 0.0380302267 0.0229111527 0.1025903149 -2497.38424365
50 0.2243216905 0.0064457218 0.1527124533 -2497.64332616
51 0.2907617849 0.4932156621 0.2271482444 -2497.61661181
52 0.1531910208 0.3950396648 0.5160272364 -2497.23765644
53 0.1850189790 0.3051329741 0.8151935308 -2497.55940792
54 0.1886705202 0.0213639871 0.8251073840 -2496.64203530
55 0.3896563205 0.3392272712 0.9232164590 -2497.61280684
56 0.3342305598 0.4152812854 0.2262177085 -2497.61540199
57 0.1577570951 0.4397057286 0.6853283493 -2496.96435193
58 0.0961143497 0.1934901180 0.5632351888 -2497.43766700
59 0.1317073787 0.0109461540 0.2029029215 -2497.69626948
60 0.0220527109 0.3727594873 0.4030715155 -2497.71893171
61 0.0780570770 0.2797202225 0.7485556982 -2497.52119480
62 0.3564234859 0.4337002553 0.1561596274 -2497.70069243
63 0.2456840677 0.1099258924 0.6811955813 -2497.09367077
64 0.2019442056 0.2318887380 0.6309950222 -2497.68735717
65 0.2717032245 0.4066423375 0.6621366229 -2497.35313587
66 0.0742303725 0.4697276166 0.7181519730 -2497.33806784
67 0.2424080626 0.4039673112 0.3220695667 -2495.56822799
68 0.3183405401 0.0629897747 0.1673008297 -2497.67756322
69 0.1021004688 0.2850480815 0.7100608992 -2497.67936794
70 0.2315793319 0.3539001098 0.7008059537 -2497.20312514
71 0.1104672553 0.2486147178 0.1351050937 -2497.42998588
72 0.2872713840 0.4678267964 0.0441979274 -2497.56873477
73 0.2525967416 0.1951251239 0.1462027997 -2496.70638950
74 0.4188421013 0.1348000890 0.4097244635 -2497.69893491
75 0.0060191056 0.2092417536 0.8542583952 -2489.24505199
76 0.0977571570 0.1734685313 0.2342520477 -2495.92806786
77 0.2755307730 0.1743087849 0.6848183362 -2497.58276033
78 0.1856204780 0.1037510208 0.7543835575 -2495.63898709
79 0.3800212211 0.3246388659 0.8319955246 -2497.19322830
80 0.4343178253 0.3029054726 0.5103930370 -2497.39267974
81 0.0852068719 0.2542176904 0.6981267062 -2497.68890216
82 0.0837525750 0.3111466857 0.3470646287 -2497.49345762
83 0.4282543880 0.0653183294 0.5134918208 -2497.38023017
84 0.3259936072 0.4606463066 0.3305106727 -2494.54037990
85 0.1115879594 0.4718679395 0.7575321839 -2496.50467460
86 0.2510158879 0.1575668478 0.1877165961 -2497.62679148
87 0.0372882220 0.4711246214 0.8775872623 -2497.57131082
88 0.1706055315 0.3743707818 0.7101323145 -2497.08925955
89 0.1036207255 0.2274054864 0.8484431093 -2496.20822789
90 0.2241605912 0.0140765420 0.4984372235 -2497.57104296
91 0.0002281451 0.0119217344 0.3941616858 -2497.63669872
92 0.1376533257 0.0253419664 0.1303535261 -2497.69364881
93 0.1704393105 0.3249868730 0.6200471734 -2497.66904897
94 0.0870724631 0.4589377823 0.5683331013 -2495.67355386
95 0.0974953924 0.2827542893 0.8562420609 -2496.25357804
96 0.3529013709 0.0662634922 0.0444355311 -2497.26481527
97 0.3530739131 0.1417538264 0.7482506215 -2497.22961199
98 0.0225994492 0.3944413346 0.7629536324 -2497.56815645
99 0.0190255564 0.0682155367 0.2414232438 -2497.30687989
100 0.2227371428 0.4637403759 0.7333041246 -2478.55011242
101 0.2268354105 0.4853199604 0.2423390787 -2497.44798038
102 0.4521731001 0.3167010828 0.5109470885 -2497.52754498
103 0.1135034199 0.1823681847 0.8111780329 -2497.11828908
104 0.2008658928 0.0719543210 0.5024147700 -2497.31525890
105 0.0694023057 0.3171372409 0.8060732950 -2496.13489618
106 0.3739273680 0.4853818970 0.4479032055 -2497.65450932
107 0.4659903906 0.0915527148 0.8819735052 -2497.52234188
108 0.2750428522 0.4330170059 0.0532432965 -2497.57841540
109 0.4561106465 0.3599331919 0.1075406931 -2497.63808857
110 0.1273786433 0.0042047770 0.4732557878 -2497.64801057
111 0.2350739349 0.2950058218 0.3126095541 -2497.58959220
112 0.2464350474 0.4088336137 0.9345398075 -2497.71924336
113 0.1954216739 0.1490769508 0.0361135673 -2497.18335912
114 0.2974392698 0.0255652947 0.0100765357 -2497.47460098
115 0.1092197172 0.0377263821 0.4334556066 -2497.65595701
116 0.4269579830 0.4437428626 0.1562122551 -2497.72335510
117 0.3909770192 0.4019299602 0.6089711150 -2497.37832862
118 0.3892048702 0.4799915131 0.8732432884 -2497.66214243
119 0.2713458031 0.4540548742 0.2136504280 -2497.65692068
120 0.0610819080 0.1463653220 0.5465360815 -2497.46350152
121 0.0242612144 0.2982958326 0.0287614792 -2497.48224467
122 0.2171927108 0.1402983561 0.4434145177 -2496.80024710
123 0.4623708216 0.2539654596 0.2197618462 -2484.59159372
124 0.3946374933 0.0796349510 0.5790251190 -2497.00807391
125 0.4565158688 0.0949150214 0.5906429303 -2496.00567589
126 0.1177644144 0.1391253691 0.3811094054 -2497.67204710
127 0.3795236586 0.2942756289 0.4702974400 -2496.67294662
128 0.1851470344 0.1955224264 0.6463198790 -2497.72508698
129 0.2045129195 0.4615449911 0.1759670947 -2497.66502638
130 0.4241515389 0.1636632677 0.0395062738 -2497.38491005
131 0.3809745361 0.2449140596 0.1450977935 -2497.42217134
132 0.3137303687 0.1563875671 0.3780775756 -2497.57061366
133 0.1276220053 0.0834706124 0.4660516083 -2497.54571225
134 0.1892555930 0.3450727277 0.2258257957 -2497.53830426
135 0.3281601625 0.2719793074 0.9415187858 -2497.66417186
136 0.1602222801 0.1275497164 0.1370243883 -2497.57938402
137 0.1733047926 0.1195465651 0.7272175757 -2496.70593702
138 0.1796974044 0.2092062933 0.7548780422 -2497.56137496
139 0.1129086762 0.2255908925 0.9133961051 -2497.57196098
140 0.3047445453 0.4566344604 0.8538735063 -2497.47370941
141 0.4989394403 0.3092862333 0.3698078567 -2497.62400004
142 0.3498561315 0.1538852310 0.8676775283 -2497.61619065
143 0.1748704302 0.3343305467 0.9297184239 -2497.67655387
144 0.4469710941 0.3101963113 0.0103393162 -2497.42382651
145 0.0226643765 0.2328432345 0.8026454067 -2490.60604660
146 0.1396300737 0.3009657993 0.5482690032 -2496.69933713
147 0.0652770745 0.1384252815 0.1657369758 -2497.49099329
148 0.3235525953 0.0624791315 0.4149671133 -2497.50325439
149 0.2225729909 0.0271431043 0.4183602622 -2497.33960198
150 0.1695040987 0.2839913659 0.5171147742 -2492.45911563
151 0.0717448165 0.1379120070 0.0702449715 -2497.43802280
152 0.2371622273 0.0399609592 0.5586885061 -2497.56734608
153 0.0495617606 0.4823370977 0.7003253231 -2497.52873456
154 0.4041075748 0.2707725080 0.5822644021 -2497.53431504
155 0.3960679979 0.0361408672 0.7477500407 -2496.75646591
156 0.2836644967 0.4234867388 0.2548106779 -2497.43530444
157 0.3364524564 0.1345185947 0.7922967936 -2497.22961766
158 0.2865935932 0.3803260789 0.0277214428 -2497.47362398
159 0.1119273651 0.3224891136 0.6434716765 -2497.70080157
160 0.3925783869 0.0718883949 0.8379676129 -2497.56084760
161 0.1583634063 0.2400487941 0.0367632926 -2496.73629255
162 0.2038436658 0.0254998795 0.1732083581 -2497.66317937
163 0.3632773998 0.4031033502 0.7726094341 -2496.86282549
164 0.2202742660 0.4611221217 0.0079095437 -2497.56581653
165 0.1277515307 0.0094343515 0.3717911842 -2497.15646220
166 0.1943121248 0.0701119939 0.2552824558 -2497.45433390
167 0.1602585336 0.1563564386 0.4502269655 -2496.93477825
168 0.2085878498 0.0089421599 0.8758019402 -2497.65443394
169 0.2054157110 0.0927458812 0.1945907956 -2497.66183344
170 0.3499928611 0.0243886275 0.6780070435 -2497.03996182
171 0.0394095934 0.3907670933 0.4795496721 -2497.64958221
172 0.0626470765 0.1422550003 0.2876537654 -2496.48245394
173 0.0143763696 0.0027084030 0.9663853714 -2482.29496500
174 0.0699276474 0.1106364365 0.3961389264 -2497.70186861
175 0.4862325177 0.2036159431 0.1664126879 -2496.87257743
176 0.1300795921 0.2649247994 0.5956991103 -2497.53211802
177 0.2578918399 0.1789002034 0.5558014003 -2495.46989600
178 0.2573878164 0.3014620629 0.1745494309 -2497.48028571
179 0.2246919116 0.4542603878 0.3522485430 -2490.91053071
180 0.0382565638 0.2232321576 0.3488639030 -2497.31439541
181 0.4671758253 0.2775461413 0.2578016355 -2470.74232411
182 0.1696025821 0.2246586641 0.1180853339 -2495.90033459
183 0.1938326283 0.4631680448 0.1431960122 -2497.66457544
184 0.0374303996 0.3981781453 0.1629780338 -2497.61937140
185 0.3306833335 0.4993018608 0.1724465255 -2497.68645072
186 0.1286207023 0.4791512091 0.8523700702 -2497.58638906
187 0.0093558111 0.4009341131 0.5927452410 -2495.74117441
188 0.0716061268 0.3498503486 0.0327387564 -2497.22456980
189 0.1814458191 0.1421098642 0.4182689809 -2497.41742056
190 0.4342757698 0.0374525358 0.7689194492 -2497.36796859
191 0.2519211960 0.1028848675 0.0946133242 -2497.30263549
192 0.2482431392 0.1099190625 0.6962747127 -2496.64183635
193 0.1229276571 0.3336095855 0.4120741878 -2497.60530544
194 0.2581250817 0.2412772995 0.7524688744 -2497.59897258
195 0.1617222159 0.1099213746 0.3300196020 -2497.18206707
196 0.3023715055 0.4258618746 0.7943352828 -2495.40436584
197 0.2406326568 0.3906732809 0.7165580892 -2495.76615161
198 0.2023095039 0.1074310925 0.3440528786 -2496.62252487
199 0.1965356533 0.4528936713 0.2701933382 -2496.97357477
200 0.2711484339 0.3226756871 0.4728773083 -2491.97202039
201 0.3400646630 0.0021046087 0.0950152736 -2497.60563697
202 0.2685939938 0.1522162529 0.5993952128 -2497.50308697
203 0.3348926038 0.2325362042 0.7054821354 -2497.68685159
204 0.1665016044 0.3705324908 0.3594066731 -2497.45016156
205 0.2357467426 0.1273319098 0.4386326426 -2497.05198152
206 0.4293040485 0.2459129880 0.0860600542 -2497.54186040
207 0.0331496264 0.2931275159 0.6486927975 -2497.65079295
208 0.2293476445 0.3813115928 0.9206249744 -2497.71811670
209 0.4733674672 0.1609893959 0.6802892646 -2497.66039102
210 0.3744700595 0.3721088065 0.0431899536 -2497.36947701
211 0.2776523857 0.0318377672 0.3396452785 -2485.48731722
212 0.4988236566 0.3544662210 0.0328594650 -2496.89218171
213 0.3997810298 0.0447927591 0.6552400677 -2497.43051864
214 0.3075504286 0.2411114787 0.5849366480 -2496.98665240
215 0.1345646576 0.0850496242 0.0964900425 -2497.59396547
216 0.2998161038 0.4274369851 0.8523350269 -2497.50601549
217 0.2207111746 0.1691385935 0.3631785698 -2497.54381152
218 0.4982608599 0.2072001684 0.2083909192 -2490.86145533
219 0.3996813581 0.1183006548 0.3711015957 -2497.65598707
220 0.1223930817 0.3907552976 0.7350734215 -2497.16237014
221 0.0302756787 0.3281350090 0.7891501164 -2496.40357279
222 0.4248277388 0.3973121040 0.8528383618 -2497.50520038
223 0.3121089856 0.4127524285 0.2675684809 -2497.38342831
224 0.3930166885 0.4937166216 0.9894310610 -2494.58925419
225 0.1908046180 0.0508370175 0.2267081036 -2497.63990114
226 0.3805484136 0.4011927951 0.1274438751 -2497.68040850
227 0.3770757013 0.0135054766 0.1843002078 -2497.70981686
228 0.0181350705 0.0949812663 0.5398668950 -2496.75860130
229 0.4996374681 0.3363475569 0.2335645931 -2492.28000139
230 0.3118215869 0.3832153827 0.9775335329 -2497.59480441
231 0.1467494038 0.2374407491 0.3811641973 -2497.64511882
232 0.3111943716 0.3369569026 0.1412000487 -2497.27557338
233 0.0368785718 0.4534476978 0.0317987948 -2489.99432925
234 0.4891677927 0.0945898622 0.8521724824 -2497.41599774
235 0.2694215591 0.3407917188 0.4687551959 -2494.51031584
236 0.1664768217 0.4054093789 0.0527320436 -2497.46253862
237 0.2760516255 0.3245476161 0.4563669229 -2494.68980610
238 0.3360670997 0.1416037614 0.4001511796 -2497.57797562
239 0.3328687479 0.4285203950 0.3035405477 -2496.69635498
240 0.4902330588 0.1592116714 0.7949668248 -2496.37682817
241 0.0145692727 0.3140430058 0.9682107693 -2497.40053213
242 0.2442933474 0.3594049634 0.8712198423 -2497.67544307
243 0.3428762707 0.3529475151 0.0776160254 -2497.14627336
244 0.4163561402 0.1639865703 0.2956693689 -2496.58735767
245 0.2933906931 0.2607740325 0.0010213932 -2497.32550947
246 0.0665810301 0.3735305963 0.2334301391 -2496.57218817
247 0.4582125909 0.0218910490 0.4908550610 -2497.50507118
248 0.2008002191 0.2155353440 0.5848566999 -2496.99675443
249 0.2506552703 0.3826128471 0.8221813419 -2497.20208666
250 0.0454490560 0.3629314389 0.9374245853 -2497.29942982
251 0.0174930221 0.3676778829 0.5936304176 -2497.06503349
252 0.4632617729 0.1807972832 0.0417664567 -2497.42468440
253 0.0496951625 0.4534466792 0.4518597592 -2497.66989776
254 0.0720177752 0.2977722060 0.8192928802 -2494.92881505
255 0.1804506331 0.3438553151 0.8545777738 -2497.62996671
256 0.4651665951 0.2475721798 0.6801883882 -2497.65878601
257 0.1697194285 0.0669005402 0.2214594997 -2497.64607443
258 0.1020631932 0.2976542042 0.6641648091 -2497.70030249
259 0.4431469083 0.1469525098 0.4676959293 -2497.60791011
260 0.1042397123 0.0562966544 0.0359931361 -2496.22169123
261 0.0668985145 0.2596467747 0.9418745514 -2497.61014027
262 0.4806336097 0.1853043981 0.5438275369 -2497.59079782
263 0.1565059251 0.1163469151 0.0424091276 -2497.42146502
264 0.4636003137 0.4608873934 0.4856687783 -2497.56990953
265 0.1584305912 0.1674501272 0.5609545989 -2497.04485610
266 0.0088438150 0.4871210323 0.9269884655 -2495.95108442
267 0.2376722637 0.2515204037 0.9985460341 -2497.29706009
268 0.3876797102 0.3812796608 0.2981739747 -2497.36366171
269 0.4231395722 0.1225456319 0.8564028531 -2497.38272378
270 0.1776926474 0.4893315263 0.6465828797 -2497.42273692
271 0.4180351469 0.1815880095 0.1157233648 -2497.59779147
272 0.1540122619 0.4119190931 0.1213023801 -2497.64786617
273 0.1562112865 0.3407307353 0.8741648877 -2497.63700666
274 0.3998418773 0.1911581501 0.4854538727 -2497.03667475
275 0.3711007151 0.1723385831 0.0504936529 -2497.33037541
276 0.2931828111 0.2817280241 0.3588178357 -2497.62825821
277 0.4721260408 0.3141305636 0.4522492989 -2497.67415220
278 0.2561929249 0.2284733529 0.4300111155 -2495.72155075
279 0.3320601993 0.0852401578 0.6607448811 -2497.47146894
280 0.0577200157 0.0869551594 0.3581061821 -2497.64411059
281 0.2713798073 0.0959940634 0.3702584857 -2496.55501781
282 0.2357247020 0.3806753214 0.3682907825 -2497.05538719
283 0.2847112476 0.3109142271 0.9151480166 -2497.67210144
284 0.3179852515 0.3610074699 0.5536746998 -2496.99128568
285 0.2431074502 0.1050515193 0.5841984278 -2497.50973901
286 0.1906224230 0.2575734896 0.2689851219 -2497.38420733
287 0.0497259062 0.4491587357 0.6043379734 -2493.86566368
288 0.4520312229 0.3100242192 0.3907238631 -2497.72038486
289 0.2595483647 0.1177117007 0.1887202910 -2497.65529533
290 0.4796275881 0.4745744051 0.3868907854 -2497.64215649
291 0.0575522588 0.1032064579 0.9179463350 -2497.36168651
292 0.4183163586 0.0062835690 0.3484130777 -2497.50981309
293 0.1631105739 0.4804173682 0.8129058378 -2496.47963949
294 0.0288215900 0.4353598352 0.4166028599 -2497.67453428
295 0.1769863197 0.1435038571 0.7085533378 -2497.27444849
296 0.4542231096 0.1619719589 0.6013039238 -2497.51896257
297 0.3590912932 0.2685022586 0.2144158163 -2496.87579461
298 0.4451470810 0.4221509293 0.7034822230 -2497.56983753
299 0.0954334216 0.1379723811 0.4999686626 -2497.39029315
300 0.4830543410 0.1310865271 0.8038835046 -2496.95629408
301 0.1559010363 0.2690822072 0.9948898611 -2497.57147774
302 0.1718092693 0.1684834327 0.1172535443 -2496.89177792
303 0.0290589291 0.0357266169 0.2688995512 -2497.54028649
304 0.3881905203 0.1618325513 0.2661649044 -2496.62722861
305 0.0580423503 0.2937118586 0.6885702362 -2497.67392064
306 0.4838813942 0.3684227687 0.7882065208 -2497.20758506
307 0.1991419266 0.0653921407 0.6227223836 -2497.62255734
308 0.4183092978 0.2271387618 0.2502585809 -2491.07066648
309 0.2181934808 0.1658702124 0.7881092429 -2497.28379480
310 0.3589397233 0.1099661470 0.3165701410 -2497.36110775
311 0.1556127959 0.0958564517 0.5438229142 -2497.39390289
312 0.3156015881 0.0565646647 0.5361459877 -2497.49807491
313 0.1769376440 0.2269194332 0.1728452701 -2497.45301481
314 0.4129293671 0.4570673557 0.2727280837 -2497.55584140
315 0.3891320703 0.0234148174 0.5798047594 -2496.39807918
316 0.0448583726 0.2083340880 0.2560274732 -2483.28432279
317 0.3633946176 0.4839499470 0.1479152208 -2497.70911112
318 0.0712605025 0.0768387514 0.8564285816 -2497.60090410
319 0.2273733298 0.4153208074 0.3532635556 -2495.26887699
320 0.0319110527 0.0253881299 0.2752136406 -2497.57800733
321 0.1874191360 0.2543751841 0.4096277500 -2497.19117652
322 0.2412785633 0.2045201079 0.9123225652 -2497.65788517
323 0.1111772369 0.0294169383 0.0621230506 -2496.95085815
324 0.0388741266 0.2364681442 0.8911744757 -2496.13475307
325 0.0147154035 0.4046887072 0.3027142276 -2497.28237198
326 0.1708906856 0.4254723993 0.7986717679 -2496.37364208
327 0.2056641519 0.2951894928 0.3357987460 -2497.60487969
328 0.0862237788 0.0630433630 0.2244358966 -2497.54002588
329 0.2712061512 0.4254982768 0.9308690784 -2497.71987400
330 0.4052820684 0.1366943054 0.4012639697 -2497.69572106
331 0.3345346806 0.0195208501 0.3093711905 -2495.44502410
332 0.2436838962 0.4196565080 0.1254161021 -2497.57871306
333 0.4150652712 0.3252360716 0.6327284695 -2497.66987776
334 0.2063086191 0.1456591853 0.8528545961 -2497.62750696
335 0.2206327900 0.2511798606 0.5537927500 -2493.17993077
336 0.0919143765 0.2582603478 0.5022563929 -2496.91467153
337 0.4606853691 0.1525528205 0.5957927059 -2497.42531957
338 0.1756445242 0.0772789877 0.8557038050 -2497.58447486
339 0.4304616655 0.4850231512 0.4814725020 -2497.61397421
340 0.2400467512 0.3351118211 0.5655723230 -2496.53269536
341 0.1991213271 0.1546061202 0.3298530771 -2497.43802564
342 0.3683859121 0.0568689976 0.4819394909 -2497.58311511
343 0.2801005009 0.2986677538 0.2691753865 -2497.55245110
344 0.1748463703 0.2389255171 0.8238794493 -2497.53858106
345 0.1103217008 0.4419562704 0.0994981886 -2497.57283966
346 0.2594235170 0.0444384040 0.2940766244 -2494.08099708
347 0.3701395057 0.0669448400 0.9094797498 -2497.60817157
348 0.1908665448 0.0243812667 0.3547930024 -2493.07324483
349 0.0660269569 0.4490142405 0.5339508195 -2496.64107875
350 0.3333147136 0.0345162510 0.2102709294 -2497.67761646
351 0.2404802565 0.3870686485 0.9624936251 -2497.68876012
352 0.0191965174 0.4501849933 0.5187521991 -2496.79011513
353 0.2991254656 0.1650520446 0.9758767565 -2497.64960234
354 0.0389450960 0.4492347333 0.2171027894 -2497.54806095
355 0.1877712652 0.0143109877 0.4225461947 -2497.48815546
356 0.2751969861 0.1021001520 0.4891107526 -2496.77203900
357 0.4043982154 0.2635690678 0.7439561046 -2497.59641844
358 0.0840559484 0.2001005405 0.7503626610 -2497.53750696
359 0.3202865793 0.2372002968 0.4402272951 -2495.88482230
360 0.4096053383 0.0454203386 0.2267087876 -2497.60688280
361 0.2766639269 0.3927689163 0.5727523465 -2497.41030599
362 0.2661463410 0.2622774024 0.3570770312 -2497.62351782
363 0.0396041245 0.4606536250 0.1109317498 -2497.53442467
364 0.1059937823 0.2742997103 0.2570837309 -2494.66264649
365 0.1416582771 0.1681082165 0.0627611732 -2497.15674999
366 0.2670624488 0.1225393338 0.4979418072 -2495.97353976
367 0.4534141812 0.4164763753 0.3559807281 -2497.64298985
368 0.1159744830 0.0593265623 0.4359373679 -2497.64814547
369 0.3581185997 0.1353058368 0.8443613729 -2497.55716364
370 0.1014795955 0.3606794141 0.2483923625 -2496.76960970
371 0.2675435442 0.1932608229 0.7722494043 -2497.42339102
372 0.3494193794 0.2244930989 0.6439597366 -2497.72340561
373 0.1139023600 0.0564172846 0.1123628669 -2497.64781599
374 0.2101337389 0.2577648380 0.8732616692 -2497.63348166
375 0.4205531623 0.4600232956 0.5525040397 -2495.92055921
376 0.0803980677 0.1416084496 0.2868789265 -2496.74523327
377 0.3792866824 0.2152817814 0.5368514776 -2496.70463749
378 0.1380586724 0.1884122891 0.4277993769 -2497.33487583
379 0.0831304247 0.4139008013 0.3252331327 -2497.52803606
380 0.3813373967 0.2533309539 0.5818305120 -2497.43766881
381 0.1994429586 0.4167779367 0.2605645766 -2497.42238889
382 0.0219581512 0.0710813691 0.9590680075 -2494.00805782
383 0.1777294616 0.0115900188 0.8438484785 -2497.31388033
384 0.4510395075 0.0161544188 0.9149034224 -2496.95434453
385 0.2177007244 0.2888254873 0.7850723090 -2497.55013373
386 0.2189599440 0.2817272525 0.1040365163 -2489.81900300
387 0.2605927527 0.0668646272 0.4751645398 -2497.34692461
388 0.0454218414 0.2524817860 0.3796432267 -2497.67746844
389 0.1685872543 0.1037554497 0.1334380461 -2497.62175903
390 0.4186365611 0.4316219363 0.3319648256 -2497.54571086
391 0.1920549286 0.2134020883 0.4582804096 -2493.62194666
392 0.1289476884 0.0629237906 0.0025814868 -2496.56444184
393 0.1580968755 0.4002097081 0.1509598279 -2497.67066166
394 0.1970500039 0.0286447554 0.6422352647 -2497.45775787
395 0.4433091486 0.3789317759 0.7526211988 -2497.55158212
396 0.2090740884 0.4379594273 0.6487707123 -2497.43723575
397 0.1945087193 0.3790440194 0.6665472187 -2497.50715504
398 0.3564126142 0.2100030394 0.8767068878 -2497.49637114
399 0.3262576508 0.0137030459 0.1830042397 -2497.68410637
400 0.2362936567 0.4728309331 0.2063304934 -2497.66047910
